-0.166429 6.52905 -1.65552 4.23502 1.70642 1.4354 1.59862 0.838503 0
-7.5097 -8.58835 -1.83637 4.2924 1.78382 1.52594 0.117922 0.828306 0
5.19226 -11.7272 -2.12671 4.49219 1.84806 1.59676 -1.54072 0.804446 0
-1.7689 -5.49157 -1.89526 4.33093 1.78289 1.60236 1.25505 0.797287 0
9.14432 15.5501 -1.44747 0.738555 0.652563 1.75235 2.83985 0.723438 8
-5.20199 -25.1809 -2.34475 4.44376 1.88185 1.69974 3.18461 0.723009 0
-16.2574 -8.33163 -1.52875 4.67654 1.94052 1.54979 3.07897 0.718946 0
-20.4232 -18.7285 -1.76419 4.53546 1.90929 1.53079 0.0800093 0.698544 0
-16.6841 -11.3807 -1.60243 4.55928 1.91512 1.72489 3.23197 0.628182 0
-20.3344 -5.78586 -1.21622 4.69118 1.93338 1.58242 -0.0281334 0.616011 0
-25.3338 -21.2655 -0.958336 0.589394 0.637222 1.77845 0.270018 0.54866 8
-10.7271 -24.5383 -2.19845 4.77763 2.02228 1.85046 3.18595 0.512206 0
-5.34793 -27.7668 -2.43429 4.39238 1.90588 1.71488 3.11883 0.489761 0
-10.2767 -36.4528 -2.50196 4.49393 1.94042 1.6239 3.15023 0.470098 0
-25.9757 -21.9289 -0.868321 0.578259 0.63709 1.78968 0.353061 0.449084 8
8.62969 14.8386 -1.43346 0.732213 0.651491 1.76598 2.96107 0.436811 8
-21.3382 -34.0963 -2.11717 4.70359 1.99397 1.74789 -0.00770259 0.430241 0
-10.1976 -31.6837 -2.39822 4.41754 1.94724 1.63579 3.14269 0.423058 0
-21.2972 -36.4586 -2.17998 4.6499 1.9938 1.71511 -0.00338244 0.406052 0
-2.85865 -36.4704 -2.68928 1.95805 0.705802 1.54409 -1.53918 0.396614 6
-0.413291 14.7194 -1.45853 4.4887 1.83766 1.72307 1.47612 0.388925 0
-2.9542 -32.5205 -2.57825 1.9919 0.688704 1.46852 -1.48237 0.367373 6
-10.2334 -28.5238 -2.31856 4.45685 1.96266 1.68933 3.1707 0.366832 0
-10.2527 -34.932 -2.47067 4.48841 1.94246 1.60993 3.15523 0.350894 0
-25.1075 -20.7451 -0.946457 0.591454 0.632039 1.76136 0.187868 0.344028 8
9.73312 16.2425 -1.44622 0.749884 0.654249 1.73126 2.81056 0.33917 8
-0.246368 21.0944 -1.17438 4.26581 1.7811 1.68416 1.55328 0.337164 0
-10.2336 -33.2675 -2.42646 4.42309 1.93486 1.60514 3.14327 0.309443 0
-21.2732 -32.5273 -2.06949 4.55541 1.949 1.64689 0.00604999 0.304116 0
-2.85287 -34.9237 -2.65021 2.01797 0.713032 1.52071 -1.50866 0.299688 6
-21.9431 -28.4741 -1.90957 4.48462 1.91738 1.60121 -0.0212559 0.298812 0
-25.9827 -4.37873 0.052174 0.689758 0.655516 1.62912 3.72598 0.289436 8
1.19859 -49.2861 -2.90984 4.4227 1.88337 1.68369 1.59735 0.288246 0
-21.2561 -38.0368 -2.22335 4.62343 1.99277 1.66624 -0.000921726 0.284378 0
-21.339 -26.8615 -1.89615 4.55874 1.9382 1.62943 -0.0889405 0.280621 0
-10.6984 -26.0005 -2.23837 4.64411 2.00105 1.76361 3.16622 0.27113 0
-25.2792 -4.36053 -0.0267229 0.679426 0.652273 1.61518 4.13601 0.266132 8
-3.23327 21.9716 -1.11006 0.276352 0.273675 1.01203 0.540974 0.262537 9
-5.25329 -45.2818 -2.77665 4.34228 1.85359 1.58337 3.19023 0.261813 0
-3.35209 22.5774 -1.1066 0.280228 0.273186 1.04131 0.585264 0.258166 9
-10.0004 -22.9453 -2.15925 4.75579 2.00133 1.85352 3.16683 0.248691 0
-22.0096 -30.0417 -1.96571 4.45014 1.91042 1.57573 -0.000607967 0.248031 0
-5.26595 -43.7113 -2.74359 4.29401 1.83408 1.56653 3.18015 0.246172 0
-5.24687 -46.8677 -2.81653 4.39338 1.87959 1.60948 3.18695 0.244972 0
-26.7642 -4.43429 0.117419 0.701873 0.665637 1.64329 3.5593 0.243523 8
-3.42745 -32.4975 -2.5628 2.21284 0.744933 1.55446 -1.51514 0.242032 6
-10.1984 -30.0827 -2.36185 4.49203 1.96659 1.67923 3.16159 0.237905 0
-21.2734 -39.5696 -2.27264 4.6412 2.00248 1.65534 -0.0157197 0.232742 0
-5.13625 -37.2899 -2.66793 4.43931 1.91692 1.6108 3.36589 0.224853 0
-10.6634 -37.9569 -2.50006 4.53241 1.93543 1.63801 3.15008 0.219053 0
-5.26897 -48.4531 -2.85338 4.4398 1.90111 1.65211 3.17681 0.217001 0
-9.18898 -21.3648 -2.092 4.65142 1.95132 1.84772 3.17785 0.216548 0
-26.5681 -22.1463 -0.793357 0.583949 0.633784 1.79783 0.497736 0.205907 8
6.22087 12.8287 -1.3891 0.322132 0.322817 0.771308 3.20782 0.204311 9
-0.266341 17.8905 -1.3161 4.44974 1.80927 1.73065 1.53511 0.20082 0
-27.5703 -4.50888 0.16564 0.7203 0.679417 1.66438 3.43754 0.199917 8
-5.32048 -50.0791 -2.89282 4.44678 1.90356 1.66639 3.16802 0.192045 0
-5.24091 -42.1199 -2.71656 4.30183 1.8365 1.57083 3.18001 0.186763 0
-2.83423 -37.9633 -2.6864 1.86647 0.684063 1.55778 -1.57101 0.183306 6
-1.15495 29.0586 -1.05933 4.25478 1.74959 1.5476 1.68449 0.179154 0
-28.3736 -4.55828 0.192974 0.740246 0.69374 1.67456 3.30398 0.174693 8
-5.14918 -38.8616 -2.6822 4.45074 1.90266 1.63069 3.26538 0.172788 0
-5.34082 -51.6422 -2.94322 4.31712 1.88066 1.64904 3.09272 0.171613 0
-3.52893 23.3434 -1.08818 0.283981 0.284889 1.08038 0.780038 0.16714 9
-3.50331 -36.4751 -2.66089 2.5339 0.879394 1.55312 -1.55482 0.166737 6
-24.5636 -4.38154 -0.137045 0.658948 0.648318 1.5659 -1.38034 0.166654 8
-2.93672 21.2857 -1.16895 0.272994 0.29127 1.16298 0.767515 0.164066 9
-26.7425 -22.6788 -0.836524 0.580739 0.635655 1.81563 0.653272 0.163712 8
-2.97193 -30.9897 -2.54299 1.97339 0.675339 1.4318 -1.47654 0.163234 6
-5.3076 -29.0364 -2.48879 4.33405 1.87842 1.66977 3.19433 0.163102 0
-5.18614 -35.7537 -2.6425 4.38927 1.90373 1.59608 3.56178 0.155124 0
-5.16677 -40.492 -2.69691 4.3587 1.86074 1.59544 3.20006 0.15465 0
1.25566 -46.1797 -2.85721 4.35225 1.87003 1.69409 1.62124 0.149632 0
-29.1495 -4.56228 0.200501 0.759303 0.70479 1.68785 3.17564 0.14706 8
-3.45259 -34.0302 -2.60416 2.31809 0.785202 1.56472 -1.52323 0.145434 6
-1.09093 25.8762 -1.08735 4.25109 1.75071 1.60731 1.6257 0.143188 0
-30.7503 -0.319074 0.101214 0.751586 0.675464 1.73627 1.92353 0.141869 8
-1.9351 49.9162 -0.71376 4.27353 1.92504 1.57018 3.06113 0.141355 0
-24.4451 -19.9421 -1.05622 0.598903 0.626939 1.75949 0.178618 0.140696 8
-3.56204 -29.3053 -2.48812 2.11254 0.719143 1.46393 4.69995 0.139937 6
-30.0402 -0.327629 0.111209 0.720844 0.65695 1.61401 1.97494 0.135254 8
-25.7694 -20.7691 -0.813098 0.586181 0.634845 1.725 0.166094 0.135207 8
0.371429 23.3989 -1.12149 4.3005 1.78021 1.65957 1.57703 0.130341 0
-26.0116 -5.00419 0.0264141 0.70296 0.651005 1.55876 4.16972 0.128863 8
-3.05155 -29.3612 -2.54088 1.96165 0.669093 1.41577 -1.50579 0.124085 6
-2.4191 -35.7108 -2.7087 1.97131 0.708752 1.47437 -1.51061 0.121814 6
-2.70671 42.6759 -0.75687 4.33412 1.855 1.57174 2.89038 0.120571 0
8.38518 14.2043 -1.44237 0.745293 0.651371 1.75326 2.96668 0.119841 8
-2.3947 -33.2704 -2.63757 2.05739 0.714212 1.43233 -1.48214 0.119656 6
-25.2496 -5.01338 -0.085302 0.682643 0.647416 1.53553 -1.51135 0.116504 8
0.57888 -51.7349 -3.00032 4.55599 1.9161 1.75173 1.6501 0.116101 0
-10.7805 -39.5654 -2.51307 4.47019 1.91469 1.59913 3.14309 0.112069 0
-29.9265 -4.54141 0.200934 0.783594 0.71749 1.70297 3.05575 0.109585 8
-3.61307 24.1614 -1.06953 0.29638 0.304872 1.11993 0.901838 0.107816 9
-31.5075 -0.303668 0.109256 0.772705 0.688299 1.79828 1.83934 0.107618 8
-21.2294 -41.149 -2.33008 4.64575 1.9936 1.64851 -0.0222012 0.104745 0
-3.47221 -30.9502 -2.51796 2.19013 0.742585 1.51562 -1.48461 0.103186 6
-2.4386 -37.2051 -2.74049 1.88856 0.703727 1.49806 -1.53358 0.101338 6
-21.1929 -25.4004 -1.84947 4.65815 1.96989 1.67271 -0.105276 0.100446 0
7.71323 13.9509 -1.42905 0.676631 0.62525 1.66634 3.01774 0.100091 8
